271
270
270
268
267
266
265
263
263
261
261
259
258
257
256
255
254
253
252
251
250
248
247
247
245
244
243
242
241
240
239
238
237
236
235
234
232
232
230
229
228
226
226
224
224
222
221
220
219
217
217
215
215
213
212
211
210
208
208
207
205
205
203
202
202
200
199
198
197
195
195
193
192
190
190
188
187
186
184
184
182
181
180
179
178
177
176
175
174
173
171
171
169
168
167
166
164
164
162
161
160
158
158
156
156
154
154
152
152
150
149
148
147
145
145
143
143
141
141
139
138
137
136
134
134
132
132
130
129
128
126
126
124
123
122
121
119
118
117
116
115
114
113
112
110
110
108
108
106
106
104
103
103
101
100
99
98
97
96
95
94
93
93
91
89
89
87
87
85
83
83
81
81
79
78
77
76
75
74
74